;value
min_std;211.56233369780006
max_std;589.2002267966255
min_ppv;686.8882750276505
max_ppv;2153.17809987122
min_dstd;288.88366170309945
max_dstd;839.6977188342098
min_dppv;943.7947540635896
max_dppv;2764.3131835279505
