;value
min_std;182.83514048506626
max_std;532.5368815912454
min_ppv;716.5055113392991
max_ppv;1927.8039328349005
min_dstd;232.02134543827407
max_dstd;406.62315926223886
min_dppv;851.2731819641922
max_dppv;1531.7998099840006
